Last login: Mon Feb 17 08:32:06 on ttys001
QMacBookPro:~ quintindavis$ /Users/quintindavis/Documents/\~SLU\~/Spring\ \'14/CSCI\ 408\ -\ 01/matrix_multiply/coms.command ; exit;
32	0.000289	113.384
64	0.001972	132.933
128	0.015215	137.835
256	0.126743	132.372
512	0.955866	140.415
1024	7.34938	146.1
2048	58.9961	145.602
32	0.000527	62.1784
64	0.003564	73.5533
128	0.014948	140.296
256	0.118098	142.062
512	1.04763	128.116
1024	14.7815	72.6408
2048	234.092	36.6947
32	0.00054	60.6815
64	0.004018	65.2424
128	0.031488	66.6016
256	0.243854	68.8002
512	1.96357	68.354
1024	15.7892	68.005
2048	156.06	55.0424
32	0.000254	129.008
64	0.001965	133.407
128	0.014505	144.581
256	0.113408	147.937
512	0.980311	136.913
1024	8.78097	122.281
2048	199.012	43.1628
32	0.000514	63.751
64	0.00279	93.9584
128	0.014777	141.92
256	0.117277	143.056
512	1.01516	132.214
1024	9.17968	116.969
2048	193.694	44.3479
32	0.000526	62.2966
64	0.006641	39.4736
128	0.03096	67.7375
256	0.245699	68.2836
512	1.99261	67.3579
1024	16.1155	66.6278
2048	168.019	51.1247
32	0.000507	64.6312
64	0.002807	93.3894
128	0.014589	143.749
256	0.115051	145.824
512	0.935426	143.483
1024	7.57883	141.677
2048	67.0039	128.2
32	0.000246	133.203
64	0.001905	137.608
128	0.014479	144.841
256	0.124718	134.521
512	0.930415	144.256
1024	7.65709	140.228
2048	66.0444	130.063
32	0.001077	30.4253
64	0.003977	65.915
128	0.034779	60.2994
256	0.249222	67.3184
512	1.95151	68.7763
1024	15.5668	68.9763
2048	124.543	68.9716
32	0.00051	64.251
64	0.00193	135.826
128	0.013692	153.166
256	0.096768	173.376
512	0.656986	204.293
1024	4.59166	233.846
2048	32.2467	266.382
32	0.000522	62.7739
64	0.003186	82.28
128	0.013564	154.612
256	0.096759	173.392
512	0.674156	199.09
1024	4.80255	223.577
2048	34.2083	251.107
32	0.001089	30.09
64	0.004627	56.6553
128	0.032127	65.2769
256	0.203337	82.5094
512	1.40827	95.3067
1024	9.90812	108.37
2048	69.7272	123.194
logout

[Process completed]

