Last login: Mon Feb 17 08:32:06 on ttys002
QMacBookPro:~ quintindavis$ /Users/quintindavis/Documents/\~SLU\~/Spring\ \'14/CSCI\ 408\ -\ 01/matrix_multiply/coms.command ; exit;
32	0.000255	128.502
64	0.001976	132.664
128	0.014928	140.484
256	0.12064	139.068
512	0.92025	145.849
1024	7.5555	142.114
2048	60.0475	143.052
32	0.00053	61.8264
64	0.004138	63.3504
128	0.015161	138.325
256	0.127632	131.45
512	1.05394	127.349
1024	15.1847	70.7123
2048	237.674	36.1417
32	0.000985	33.267
64	0.005009	52.3346
128	0.030487	68.7884
256	0.244756	68.5467
512	1.96667	68.2462
1024	15.8427	67.7752
2048	158.225	54.2893
32	0.000281	116.612
64	0.001964	133.475
128	0.015092	138.958
256	0.128027	131.044
512	1.02449	131.009
1024	9.68009	110.923
2048	200.929	42.751
32	0.000513	63.8752
64	0.00356	73.636
128	0.015461	135.641
256	0.114525	146.494
512	1.00611	133.402
1024	9.31513	115.269
2048	201.179	42.698
32	0.001048	31.2672
64	0.007483	35.0319
128	0.030915	67.8361
256	0.252128	66.5425
512	2.0292	66.1431
1024	16.6142	64.628
2048	173.95	49.3817
32	0.000277	118.296
64	0.001928	135.967
128	0.015223	137.762
256	0.118928	141.07
512	0.973811	137.827
1024	7.77233	138.149
2048	69.6374	123.352
32	0.000247	132.664
64	0.002295	114.224
128	0.015364	136.498
256	0.122523	136.931
512	0.994144	135.008
1024	8.41195	127.645
2048	68.4151	125.556
32	0.000859	38.1467
64	0.004038	64.9193
128	0.032726	64.0821
256	0.258915	64.7982
512	2.04679	65.5746
1024	15.9662	67.2511
2048	127.397	67.4267
32	0.00051	64.251
64	0.003131	83.7253
128	0.014453	145.101
256	0.09431	177.894
512	0.679893	197.41
1024	4.69221	228.835
2048	32.8678	261.348
32	0.000511	64.1252
64	0.001952	134.295
128	0.013549	154.783
256	0.09885	169.724
512	0.676073	198.525
1024	4.87663	220.181
2048	34.8486	246.493
32	0.00108	30.3407
64	0.006242	41.9968
128	0.028222	74.3091
256	0.201406	83.3005
512	1.43664	93.4246
1024	10.1466	105.823
2048	71.1971	120.65
logout

[Process completed]

